1326979
1356666
1494294
1494299
1494306
1494307
1494308
1494311
1494312
1494313
1494314
1494484
1494485
1494486
1494487
1494488
1494489
1494490
1494491
1496491
1496492
1496493
1496494
1496495
1496496
1496497
1496498
1496499
1496500
1496501
1496502
1496503
1496504
1496505
1496506
1496507
1496509
1496510
1496696
1496697
1496698
1496775
1496776
1496777
1496778
1496787
1496791
1496793
1496795
1496797
1496803
1496805
1496843
1496844
1496845
1496846
1496847
1496848
1496849
1496851
1497058
1497060
1497375
1497376
1497377
1497378
1497381
1497382
1497383
1497389
1497391
1497420
1497425
1497469
1497470
1497511
1497512
1497513
1497514
1497515
1497516
1497517
1497518
1497519
1497520
1497566
1497567
1497568
1497569
1497570
1497571
1497572
1497573
1497575
1497576
1497577
1497578
1497579
1497581
1497582
1497583
1497585
1497591
1497592
1497594
1497598
1497601
1497602
1497605
1497617
1497695
1497696
1497697
1497698
1497699
1497700
1497701
1497705
1497860
1498128
1498129
1498132
1498140
1498141
1498142
1498144
1498145
1498147
1498149
1498150
1498151
1498152
1498153
1498154
1498155
1498157
1498159
1498160
1498161
1498162
1498163
1498164
1498165
1498166
1498167
1498171
1498172
1498173
1498174
1498175
1498176
1498177
1498178
1498189
1498195
1498201
1498299
1498302
1498329
1498360
1498411
1498412
1498413
1498414
1498440
1498764
1498852
1498853
1498854
1498855
1498860
1498861
1498862
1535294
1535356
1535357
1535359
1535360
1535361
1535549
1535551
1535587
1535588
1535599
1535653
1535738
1535781
1535805
1535806
1536025
1536141
1536228
1536383
1536384
1536443
1536445
1536455
1536457
1536597
1536613
1536614
1536615
1536616
1536617
1536618
1536620
1536638
1536639
1536640
1536641
1536657
1536894
1536895
1536896
1536897
1536902
1536903
1536912
1536976
1537081
1537082
1537083
1537117
1537139
1537140
1537148
1537316
1537367
1537368
1537369
1537370
1537444
1537476
1537499
1537501
1537538
1537542
1537551
1537553
1537554
1537560
1537561
1537562
1537573
1537574
1537575
1537578
1537582
1537583
1537702
1537732
1537773
1538103
1538494
1538565
1538566
1538742
1538744
1538746
1538748
1538750
1538757
1539195
1539208
1539352
1539455
1539458
1539459
1540310
1540329
1540382
1540386
1540631
1540749
1540750
1540768
1540769
1540770
1540771
1540772
1540773
1540776
1540795
1540798
1540801
1540803
1540809
1540811
1634140
1634143
1634144
1634147
1651205
1651206
1651207
1726468
1726474
1758706
1758707
1758708
1758733
1759713
1759723
1759724
1769088
1769161
1781575
1781760
1781761
1785860
1785864
1785866
1785867
1785868
1785872
1792349
1792549
1811659
1967663
2055910
2056232
2056233
2056711
2057302
2057303
2057304
2057305
2057306
2060874
2060877
2071473
2071483
2103270
2155186
2157299
2157386
2180006
2180705
2180706
2188388
2196598
2196600
2196605
2196609
2196610
2239449
58066
