1498437
1498438
1498439
1498431
1498473
1498477
1498470
1498471
1498436
1498430
1498440
1498441
1498442
1498446
1498440
1794451
1498429
1498457
1498458
1498459
1539154
1539155
2087232
1539156
1539157
1539167
1539158
1539159
1539160
1539168
1539161
1539164
1539170
1539162
1539169
1539163
1539165
1539166
1539171
2157261
1539646
1539647
1539650
1539648
1539649
1539654
1539652
1539651
1539653
1539655
1617611
1617613
1617612
1967552
2071483
2071483
2105825
2159603
2071483
1540797
1984099
1498784
1498785
1498786
1498787
1498775
2071483
2071483
2071483
2197027
2197029
2197032
2197022
2197033
2071483
2071483
2071518
2071483
2071483
2071483
2071483
2096611
2096612
2096613
2096614
2096615
2096616
2105826
2071483
2071483
2197018
2197020
2197037
2197021
2071483
2071483
2071513
2071483
2071483
2071483
2105827
2105828
2105829
1540735
2159604
2105830
2159605
2105831
2159606
2105834
2105835
2159607
1498780
2071538
2092595
2071543
2092592
1537765
1537767
1537769
1537771
342341
342342
342343
342344
342345
342346
342347
1698057
1535545
1535546
1535547
1535549
1535549
1535551
1535555
1535231
1535249
1356664
2087610
2087611
2087618
1498768
1498769
1535588
1535588
1535588
1535589
1356666
1535587
1356666
1535587
1356666
1781571
1781572
1781573
1781575
1781576
1781575
1535551
1692964
1692965
1692966
1692967
1692969
1692916
1692917
1692918
1692919
1692920
1692921
1692922
1692923
1692928
1692929
1692930
1692931
1692932
1692933
1692934
1692935
1634114
1539253
1539242
1539254
1539252
1539247
1539248
1539249
1539251
1539241
1539243
1539250
1539244
1539245
1539246
1967253
2179947
1693918
1693919
1693916
1693913
1693915
1693914
1538369
1538370
1538372
1538371
1538373
1538374
1538375
1726451
1726452
1726453
1535359
1726465
1726457
1781755
1726467
1781760
1726468
1726468
1726468
1726474
1781760
1780230
1780234
1780237
1780239
1726474
2155688
2187403
2100874
2100876
2100877
2100878
2100879
2100880
2100881
1726474
1726474
1781761
1726474
1781761
1780236
1780238
2187404
1539232
1539233
1539234
1539235
1539236
1539255
1539256
1539257
1537117
1539258
1539259
1539260
1539264
1535806
1535806
1539274
1535805
1535805
1539265
1539275
1539266
1539276
1539267
1539277
1539268
1539272
1539278
1539282
1539269
1539279
1539270
1539280
1539271
1539281
1539273
1539283
1799728
1806876
1799729
1806875
1779843
2157295
2157300
2157302
2157296
2157301
2157303
2157297
2157304
2157298
2157299
2157307
2157299
2157306
2157299
2157305
2155185
2155186
2155186
2155187
2155188
2155189
2155190
2155192
2155191
2155193
2155194
2155195
2157333
2157334
2157343
2157344
2157335
2157336
2157337
2157338
2157339
2157340
2157341
2157342
2156788
2156808
2156792
2156800
2156787
2156807
2156791
2156799
2156786
2156806
2156790
2156798
2156785
2156805
2156789
2156797
2156810
2156815
2156811
2156813
2195497
2195504
2195505
2195506
2157137
2155130
2155131
2155132
2155133
2155134
2155135
2155149
2155150
2155151
2155152
2155153
2155154
2155155
2155156
2155158
2155157
2155162
2155163
2155164
2155165
2155170
2155166
2155167
2155168
2155169
2155139
2155140
2155141
2155142
2155143
2155145
2155144
1539174
1539177
1539175
1539176
1539178
1539185
1539186
1539190
1539192
1539179
1539180
1539182
1539181
1539172
1539183
1539184
1539187
1539188
1539189
1539191
1539284
1539291
1539285
1694537
1539287
1539289
1694543
1539389
1539397
1539400
1539388
1539391
1539392
1539395
1539390
1539401
1539393
1539398
1539394
1539399
2155703
2155704
2155705
2155706
2155707
2155708
2155709
2155710
2155721
2155722
2155723
2155724
2155725
2155726
2155727
1539237
1539238
1539240
1536600
1536602
1536603
1536606
1536615
1536617
1536611
1536612
1536613
1536614
1536618
1536619
1536620
1536616
1536621
1536027
1536028
1536029
1536030
1536031
1536032
1536033
1536042
1536043
1784802
1784803
1784806
1784808
1784811
1536040
1784809
1784815
1784816
1784817
1784823
1536041
1784818
1784819
1784820
1784821
1784825
1536044
1536045
1536046
1536047
1784810
1784822
1784824
1326979
1326979
1535726
1535728
1535729
1535727
1535730
1535735
1535736
1535737
1535759
1535760
1535738
1535739
1535744
1535751
1535758
1535768
1535731
1535732
1535733
1535738
1535740
1535741
1535742
1535753
1535754
1535755
1535750
1535756
1535757
1784830
1759956
1759959
1759955
1759957
1540399
1540400
1540395
1540396
1540397
1540398
1540393
1540392
1540379
1540380
1540381
1540383
1540384
1540391
1540322
1540321
1540320
1540319
1540401
1540394
1540382
1540382
1540385
1540386
1540386
1540386
2085869
1780306
1379902
1379903
1379904
1379905
1379906
1379908
1379912
1379914
1379907
1379910
1379911
1379915
1379895
1379917
1379918
1379919
1379886
1379887
1379888
1379890
1379891
1379893
1379894
1379896
1379897
1379898
1379899
1379900
1379931
1379932
1379933
1379925
1379929
1379930
1379926
1379927
1379928
1540312
1540313
1540318
1540317
1540310
2186394
1539473
1539474
1539475
1539476
1539477
1539478
1539479
1540728
1537117
1540729
1540730
2181161
1498764
1498794
1498831
1498766
1498795
1498798
1498799
1498802
1498805
1498806
1498807
1498808
1498809
1498810
1498811
1498815
1498816
1498817
1498818
1498819
1498838
1498839
1498840
1498764
1498765
1498767
1539261
1539262
1539263
1769083
1769084
1769085
1769086
1769087
1769088
1769088
1769089
1769090
1769091
1769096
1769097
1769094
1769095
1769099
1769100
1540307
1540308
1540309
1540310
1537143
1537145
1537146
1537156
1537133
1537134
1537135
1537137
1537136
1537138
1537142
1537140
1537144
1537154
1537139
1537141
1537147
1537155
1537148
2077669
2077670
2056202
2056204
2056205
2056206
2056207
2077671
2056214
2056216
2056218
2056219
2056333
2056220
2056224
2056226
2056227
2056225
2087115
2056208
2239440
2194944
2239451
2194947
2239453
2194945
2239450
2239452
2239448
2194946
2194948
2239449
2239455
2239454
2239456
2239458
2194949
2239449
2239441
2239444
2239445
2239446
2239447
2056213
2056236
2056237
2056238
2056240
2056241
2056242
2077701
2056231
2056235
2056334
2056239
2056243
2056264
2056247
2093717
1535808
2056212
2056223
2056270
2087119
2056232
2056234
2056228
2056229
2056232
2056233
2087117
2056233
2077605
2056265
2056268
2056267
2056266
1539195
1539195
1539196
1539197
1539198
1539199
1539200
1539201
1539202
1539204
1539203
1539205
1539206
1539207
1539208
1539208
1539208
2188444
2188445
1779975
2188441
1540681
1540682
1540683
1540684
1540323
1540325
1540324
1540326
1540327
1540328
1540329
1540329
1540336
1540341
1540345
1540337
1540342
1540346
1540338
1540343
1540347
1540339
1540340
1540344
1540331
1540355
1540348
1540349
1540354
1540353
1540352
1540334
1540333
1540351
1540350
1355203
1535593
1535601
1535599
1535602
1535599
1792516
1792517
1792528
1792563
1792590
1792627
1792515
1792524
1792559
1792566
1792569
1792575
1792513
1792514
1792529
1792564
1792562
1945354
1792577
1792633
1792561
1792523
1792536
1792551
1792525
1792527
1792591
1792592
1792526
1792579
1792580
2061233
2061234
1946864
1946865
1792545
1946863
1792599
1792600
1792601
1792605
1535887
1535888
1535889
1535890
1535891
1535892
1535893
1535894
1535895
2083928
2083929
1536862
1536863
1536864
1536865
1536866
1536867
1536882
1536883
1536877
1536878
1168778
1168787
1168779
1168777
1168771
1168783
1168784
1168781
1758708
1759723
1758708
1759723
1758708
1759723
1758706
1758733
1759713
1759724
1758706
1758733
1759713
1759724
1758706
1758733
1759713
1759724
1758707
1758707
1538954
1538970
1538971
1538955
1538956
1538957
1538972
1538973
1538967
2157554
1187614
1187615
1837647
1537422
1537421
1537429
1537423
1537424
1537425
1537426
1537427
1537430
1537432
1537436
1537433
1537434
1537437
1537439
1494484
1494485
1494486
1494487
1494488
1494491
1494489
1494490
1494484
1494485
1494486
1494487
1494488
1494491
1494489
1494490
2100073
1967650
1967660
1967663
1967651
1967647
1967648
1967649
1967652
1967666
1967661
1967662
1967663
1834258
1834262
1967659
1834272
1967656
1967657
1967658
1834267
1834268
1834269
1967653
1967654
1967655
1834259
1834263
1537268
1537113
1537367
1537368
1537369
1537367
1537368
1537369
1537403
1537405
1537372
1537370
1537370
1537266
1537263
1537110
1537375
1537379
1537383
1537386
1537389
1537264
1537384
1537387
1537273
1537246
1537247
1537248
1537249
1537254
1537255
1537256
1537257
1537250
1537251
1537252
1537253
1537258
1537259
1537260
1537261
1537411
1536213
1536216
1536227
1536220
1536226
1536217
1536221
1536211
1536212
1536222
1536218
1536219
1536223
1536225
1536215
1536224
1537111
1536214
1538343
1538344
1538346
1538347
1538655
1538652
1538657
1538663
1538733
1538737
1538735
1538736
1538656
1538653
1538658
1538666
1538667
1538734
1538738
1538674
1538974
1538978
1538980
1538975
1538976
1538979
1538981
1538987
1538977
1538673
1538672
1538669
1538671
1538668
1538661
1538676
1538662
1538677
1538670
1538679
1538660
1538675
1538678
1538758
1538759
1538760
1538761
1538770
1538769
1538771
1538772
1538773
1538768
1538764
1538765
1538762
1538763
1536388
1536177
1536178
1536179
1536174
1765992
1722654
1536228
1536229
1536230
1536231
1536232
1536228
1536234
1536235
1536236
1536237
1536238
1536239
1540732
1540731
1540742
1540743
1540744
1540749
1540746
1540748
1540739
1540740
1540749
1540733
1540750
1537537
1540750
1540751
1540752
1540753
1540741
1540754
1540755
1540756
1540757
1540758
1540759
1540760
1540761
1540750
1540762
1540763
1540745
1540747
1540767
1537852
1537853
1537856
1537854
1537855
1537857
1537858
1721455
1721456
1721457
1721458
1721459
1721460
1721461
1721462
2187131
2187133
2187138
2187147
2187132
2187143
2187142
2187150
2187156
2197783
2197781
2187160
2197778
2197782
2197784
2197779
2197787
2197785
2197780
2197786
2187161
2197788
2197789
2187165
2187163
2187134
2187135
2187151
2187159
2187136
2187144
1537285
1537276
1537279
1537286
1537288
1537284
1537296
1537283
1537292
1535517
1535518
1535519
1535520
1535521
1535522
1535523
1535524
1535373
1535374
1535375
1535376
1535377
1535378
1535379
1535380
1536416
1536418
1536419
1536427
1536420
1536421
1536422
1536423
1536424
1536425
1536426
1536430
1536431
1536428
1536429
1536417
1539309
1539313
1539317
1539327
1539310
1539330
1785349
1539314
1539332
1539333
1698517
1539318
1536116
1536118
1536117
1536119
1536120
1536383
1536121
1536384
1536385
1536383
1536122
1536124
1536384
1536123
1536125
1536126
1536127
1536128
1536130
1536129
1536131
1536132
1536133
1536134
1536136
1536135
1536137
1536138
1536139
1536142
1536143
1536140
1536141
1536144
1536145
1536141
1536146
1536147
1792535
1792530
1792533
1792550
1792534
1792544
1792539
1792548
1792549
1792532
1792549
1792553
1792554
2056711
1781360
1498325
1498404
1498326
1498405
1498463
1498319
1498320
1498333
1498329
1498321
1498331
1498332
1498411
1498413
1498414
1498334
1498337
1498338
1498340
1498478
1498479
1498474
1498475
1498476
2056711
1498303
1498406
1498304
1498297
1498311
1498298
1498307
1498329
1498299
1498302
1498309
1498310
1498411
1498413
1498414
1498313
1498315
1498407
2056711
1498350
1498351
1498344
1498345
1498464
1498354
1498358
1498360
1498356
1498411
1498412
1498413
1498364
1498365
1498367
1498355
1498330
1498348
1498323
1498412
1498299
1498302
1498360
2056711
1498379
1498380
1498373
1498465
1498374
1498387
1498385
1498411
1498412
1498414
1498391
1498392
1498394
1498384
1498308
1498377
1498301
1498386
1498375
1498378
1792512
2061074
1784942
1781753
2186209
1799731
1799732
1799733
1799734
1799735
1799736
1799737
1799738
1799739
1799740
1799741
1799742
1799743
1799744
1536096
1536106
1536097
1536102
1536099
1536103
1536095
1536100
1536107
1536101
1536104
1536108
1536105
1536110
1536109
1536111
1536113
1536098
1540596
1540592
1540593
1540600
1540603
1540604
1540605
1540606
1198302
1198303
1198305
1198306
1198304
1537448
1537536
1537450
1537451
1537453
1537444
1537446
1537445
1537447
1537452
1537460
1537461
1537463
1537462
1536593
1536609
1536598
1536596
1536610
1536605
1536599
1536597
1536601
1536604
1536597
1536595
1536597
1536594
1537741
1537746
1537754
1537757
1537750
1537751
1537759
1537758
1535321
1535322
1535330
1535331
1535328
1535336
1535345
1535348
1535349
1535350
1535351
1535352
1535353
1535354
1535355
1537605
1536937
1536938
1536939
1536940
1536941
1536947
1536960
1795949
1795950
1795951
1795952
1795953
1795954
1795955
1795956
1795957
1198225
1198227
1198239
1198243
1198228
1198230
1198235
1198234
1198229
1198246
1204710
1198231
1198232
1198233
1198226
1198240
1198247
1198248
1198245
1198241
1198242
1204707
1204706
1204705
1204703
1204708
1204709
1204704
1537006
1537015
1537012
1537021
1537018
1537019
1537025
1537031
1537038
1537040
1537041
1537043
1538411
1537034
1537000
1537046
1537045
1537042
1537039
1537033
1537139
1537140
1537148
1537152
1537164
1537169
1537173
1537174
1537172
1535814
1535816
1535817
1535818
1535819
1535820
1535821
1535822
1535823
1535824
1535825
1536299
1536301
1536302
1536303
1536305
1536306
1536307
1536308
1536310
1536309
1536311
1536312
1536313
1536314
1536316
1536317
1536318
1536319
1536320
1536321
1536322
1536300
1540621
1540617
1540627
1540628
1540629
1540619
1540620
1540624
1540625
1540626
1540618
1540623
1540632
1540631
1540631
1540622
1537508
1537519
1537522
1537512
1537513
1537516
1537517
1537520
1537515
1537514
1537518
1537521
1537527
1537501
1537523
1537524
1537499
1537481
1537491
1537486
1537490
1537494
1537487
1537495
1537489
1537488
1537493
1537496
1537492
1537501
1537500
1537485
1537497
1537499
1535565
1535566
1535567
1535568
1535569
1535570
1535571
1535572
1949757
1535573
1535574
1535575
1535576
1535577
1535578
1535579
1535580
1535581
1535582
1535553
2057302
2057303
2057304
2057305
2057306
2057302
2057303
1497573
1497568
1497592
1497583
1497591
1497605
1497582
1497575
1497576
1497577
1497578
1497470
1497579
1497695
1497700
1497696
1497697
1497699
1497705
1497698
1497701
1497705
1496775
1496776
1497060
1496778
1496777
1497598
1497566
1497570
1497571
1497581
1497469
1497572
1497585
1497594
1497567
1497569
1497602
1497601
1634140
1634143
1634144
1634147
1540776
1540769
1540768
1540773
1540772
1540770
1540771
1540803
1540801
1540811
1540811
1540809
1540795
1540798
1540798
1540803
1498150
1498128
1498157
1498142
1498171
1498152
1498132
1498151
1498178
1498153
1497520
1498141
1498144
1498154
1498160
1498164
1498147
1498149
1498177
1498175
1498176
1498129
1498162
1498167
1498161
1498166
1498174
1498145
1498159
1498163
1498165
1498155
1498140
1498172
1498173
1498145
1498159
1497375
1497389
1497376
1497377
1497378
1497381
1497382
1497383
1497391
1497511
1497512
1497513
1497514
1497515
1497516
1497517
1497518
1497519
1537583
1537573
1537582
1537574
1537575
1537578
1496843
1496847
1496844
1496846
1496845
1496848
1496849
1496851
1198219
1207198
1198220
1198221
1198222
1207739
1207740
1198223
1496698
1496696
1497058
1496697
1497511
1497512
1497513
1497514
1497515
1497516
1497517
1497518
1497519
1537538
1537553
1537554
1537551
1537542
1537560
1537561
1537562
1537560
2101004
2101005
2101008
2101006
2103269
2102669
2103260
2101007
2101010
2101012
2101011
2103262
2103264
2103265
2103267
2103266
1535773
1535774
1535775
1535778
1535790
1535801
1535776
1535791
1535777
1535781
1535779
1535780
1535802
1535782
1535783
1535786
1535787
1535781
1498649
1498668
1535977
1792001
1792002
1792003
1792004
1792006
1792005
1792007
1792012
1792009
1792010
1792016
1792014
1792013
1792008
1792015
1792017
1792011
1785856
1785858
1785862
1785863
1785857
1785859
1785860
1785864
1785867
1785868
1785872
1785866
1785860
1785864
1785867
1785868
1785872
1785865
1785866
1792028
1792032
1792042
1792029
1792030
1792031
1792033
1792038
1792037
1792034
1792035
1792036
1792039
1792040
1792041
1785174
1785182
1785179
1785289
1785288
1792343
1792344
1792345
1792346
1792348
1792362
1792347
1792349
1792352
1792357
1792350
1792349
1792359
1537864
1537654
1537663
1537664
1537697
1537657
1758741
1759751
1537655
1537656
1537659
1537675
1537683
1537684
1537658
1537679
1537686
1537685
1537670
1537667
1537665
1537673
1537672
1537692
1537674
1537696
1537699
1537689
1537690
1537693
1537682
1537681
1537677
1537678
1537687
1537680
1537695
1537691
1537698
1537700
1537701
1537666
1536615
1536613
1536549
1536617
1536618
1536616
1536620
1536614
1537932
1537889
1537933
1537934
1538798
1537935
1537936
1538796
1537937
1537958
1538794
1537959
1537960
1537924
1537925
1537961
1537943
1537944
1537945
1538102
1538103
1538099
1538104
1538113
1538105
1538106
1538100
1538111
1538108
1538101
1538107
1538112
1538110
1538109
1537922
1537923
1536979
1536982
1536983
1536984
1538121
1536985
1536986
1536987
1536996
1536991
1538001
1537990
1537994
1538011
1537997
1537998
1538000
1538008
1537999
1539416
1539417
1539424
1539425
1539427
1538862
1538890
1537918
2154955
1538899
1538934
1538935
1538936
1538942
1537996
1538943
1538930
1538931
1538932
1538933
1538900
1538946
1538103
1538944
1538857
1538858
1538859
1538860
1538861
1538907
1537891
1537892
1538906
1538905
1538891
1537890
1538911
1538892
1538912
1538893
1538894
1538914
1538895
1538915
1538917
1538921
1538896
1538897
1538918
1538898
1538919
1537927
1538923
1537926
1538909
1538908
1538910
1538913
1538916
1538920
1538948
1784770
1784771
1784773
1784774
1784775
1784772
1784777
1784782
1784785
1784787
1784776
1784779
1784780
1784783
1784788
1784781
1784786
1784789
1538739
1538741
1538744
1538744
1538742
1538742
1538746
1538746
1538748
1538750
1538748
1538750
1538755
1538756
1538757
1538753
1538757
1538754
1539455
1539455
1539455
1539455
1539458
1539458
1539459
1539470
1539471
1539450
1539451
1539454
1539453
1539459
1539456
1539462
1538500
2092104
1538491
1538494
1538407
1538424
1538423
1538430
1538414
1538419
1538489
1538492
1538493
1538494
1538495
1538496
1538427
1538434
1538512
1538409
1538464
1538465
1538473
1538488
1538475
1538476
1538477
1538478
1538479
1538406
1538482
1538483
1538446
1538463
1538468
1538416
1535631
1535633
1535632
1535634
1535638
1535635
1535636
1535637
2059579
2059582
2059583
2059584
2059585
2059586
2059587
2059588
2059589
2059590
2059591
2059592
2059593
2059594
2059595
2059596
2059597
2059598
2059600
2059601
2059602
2059604
2059605
2059606
2059607
2059608
1536396
1536397
1539538
1539539
1537316
1537316
1537324
1537336
1537362
1537347
1537348
1538620
1538621
1538622
2077447
2077448
2077449
2077450
2077451
2077452
2077454
2077453
1535692
1535693
1535697
1535699
1535700
2092585
2196412
2103270
2103270
2103270
2103270
2103270
2103270
2103270
1537702
1537702
1537738
1537732
1537703
1537732
1538726
1538728
1538729
1538731
1536894
1536894
1536895
1536895
1536896
1536896
1536897
1536897
1536902
1536903
1536966
1536902
1536898
1536899
1536900
1536901
1536965
1536912
1536903
1536909
1536912
1536910
1536913
1536911
1536914
1537192
1537193
1537194
1537195
1537197
1537199
1537196
1537198
1537200
1537201
1537202
1537203
1537204
1537205
1537206
1537215
1537081
1537082
1537083
1537084
1537075
1537076
1537077
1537078
1537079
1537080
1537081
1537082
1537083
1537083
1536455
1536457
1536519
1536453
1536456
1537465
1536518
1537297
1537298
1536455
1536457
1606938
1539656
1539657
1539658
1539659
1539660
1539661
1539662
1539664
1539663
1539665
1536638
1536639
1536962
1536964
2056547
1536640
1536658
1536659
1536660
1536638
1536639
1536640
1536661
1536662
1536663
1536638
1536639
1536640
1536664
1536665
1536666
1536638
1536639
1536640
1536667
1536668
1536669
1766883
1780198
1793806
1536638
1536639
1536657
1536638
1536639
1536657
1536638
1536639
1536657
1536972
1536976
2188388
2188388
1799461
1799464
1725092
1536976
1535185
1535186
1535187
1537468
1537469
1537471
1537472
1537473
1537474
1537475
1536454
1537478
1537479
1537476
1537476
1537477
1537310
1537312
1537313
1537305
1537306
1537307
1537302
1537301
1537300
1537299
1537303
1536638
1536639
1536640
1536963
1805774
1615279
1784422
1536641
1536638
1536639
1536640
1536970
1536641
1536638
1536639
1536640
1536968
1536642
1536641
1536638
1536639
1536640
1536641
1536967
1536084
1536088
1693261
1537069
1537070
1537773
1537764
1537773
1537770
1537772
1537777
1537778
1537779
1537780
1537071
1538848
1538853
1494294
1494295
1494296
1494297
1494300
1494309
1494310
1494315
1494316
1494318
1494298
1494317
1494301
1494302
1494303
1494304
1494305
1494299
1494306
1494307
1494308
1494311
1494312
1494313
1494314
1494294
1536886
1536888
1536889
1536887
1539404
1539403
1539406
1539413
1539414
1539402
1539405
1539407
1539408
1539409
1539410
1539411
2092667
1774642
1536755
1536753
1536754
1536752
1540669
1540668
1540659
1540667
1540658
1540660
1540666
1540670
1540672
1540664
1540671
1540665
1540661
1540663
1495812
1495813
1495814
1495815
1495816
1495817
1495818
1495819
1535241
1535244
1535242
2100075
1535243
1535248
1535246
1535245
1535247
1779923
1779924
1794264
1779925
1779929
1779936
1779954
1779955
1779937
1779956
1779940
1779942
1779946
1693028
1693029
1693030
1693031
2229042
1540848
1540849
1540850
1540851
1540852
1540853
1537807
1540854
1537800
1537801
1537804
1537795
1537796
1537798
1537799
1540832
1537808
1540827
1540833
1540828
1540841
1540846
1540836
1540831
1540842
1540837
1540843
1540838
1537125
1537117
1540725
1537118
1537119
1540713
1540714
1540717
1540718
1540720
1540726
1540727
1540715
1540716
2084760
2084762
2084761
2084763
2084764
2084765
2084770
2084772
2084766
2100107
2100122
2100117
2100109
1651199
1651200
2180325
2180327
1651234
1651204
1651267
1651268
1651265
1651264
1651201
1651202
1535356
1535357
1535653
1535359
1651205
1651206
1651207
1651205
1651206
1651207
2180328
1535356
1535357
1535653
1535359
1535360
1535361
1535650
1535651
1535652
1535654
1535360
1535361
1537878
1537879
1537880
1537884
1537881
1537885
1537882
1538612
1538615
1538619
1538617
1538616
1538566
1538577
1538552
1538572
1538566
1538580
1538567
1538553
1538568
1538573
1538559
1538560
1538598
1538601
1538549
1538581
1538555
1538564
1538548
1538550
1538551
1538571
1538565
1538565
1538594
1538596
1538557
1538558
1538582
1538583
1538602
1538562
1538561
1538576
1538588
1538589
1538597
1538590
1538591
1538592
1538593
1538587
1538547
1538546
1538545
1538585
1538600
1536289
1536433
1536432
1536291
1536298
1536292
1536436
1536296
1536290
1536295
1781457
1536438
1536439
1536440
1536443
1536444
1536441
1536445
1539152
1536443
1536445
1539151
1536447
1536446
1536450
1536451
1539153
1548453
1536586
1536381
1536382
2059559
2059560
2059561
2059562
2059563
2059564
2059565
2059566
2059567
2059568
2059569
2059570
2059571
2059572
2059573
2059574
2059575
2059576
2059578
1540272
1540288
1540264
1540266
1540256
1540271
1540239
1540246
1540273
1540269
1540276
1540280
1540281
1540282
1540267
1540289
1540265
1540274
1540252
1540255
1540258
1540290
1540291
1540275
1540253
1540254
1540277
1540279
1494312
1494313
1494314
1494299
1494306
1494307
1494308
1494311
1539429
1539430
1539432
1539352
1539352
1539431
1168789
1168790
1168791
1168792
1168793
1168794
1168795
1537790
1537783
1537785
1537792
1769081
1769144
1769145
1769160
1769161
1769143
1769161
1769162
1769163
1538814
1538815
1538816
1538964
1537444
1536459
1536474
1536475
1536476
1536473
1536460
1536471
1536468
1536462
1536463
1536507
1536466
1536467
1536469
1536470
1536464
1536465
1536015
1536016
1536019
1536021
1536022
1536026
1536025
1536020
1536018
1536017
1759007
1759008
1759009
1535280
1535282
1535285
1535287
1535290
1535291
1535292
1535293
1535294
1536025
1535300
2072747
1535283
1535284
1535281
1535286
1535299
1535308
1535306
1535301
1535297
1535294
1535296
1535288
1535289
1535307
1535298
1535312
1535311
1535305
2100163
1536342
1536345
1536344
1536334
1536335
1536325
1536329
1536330
1536331
1536346
1536338
1536339
1536340
1548458
1536588
1654432
1536734
1536738
1536743
1536735
1536739
1536744
1536488
1536501
1536510
1536478
1536487
1536506
1536486
1536512
1536485
1536514
1536490
1536489
1536505
1536492
1536491
1536500
1536499
1536513
1536515
1536516
1536502
1536511
1536509
2057302
2057303
2057304
2057305
2057306
2057302
2057303
1497573
1497568
1497592
1497583
1497591
1497605
1497582
1497575
1497576
1497577
1497578
1497470
1497579
1497695
1497700
1497696
1497697
1497699
1497698
1497701
1497705
1496775
1496776
1497060
1496778
1496777
1497598
1497566
1497570
1497571
1497581
1497469
1497572
1497585
1497594
1497567
1497569
1497602
1497601
1634140
1634143
1634144
1634147
1540776
1540769
1540768
1540773
1540772
1540770
1540771
1540803
1540801
1540811
1540811
1540809
1540795
1540798
1540798
1540803
1497809
1497617
1497808
1497807
1497812
1497811
1497810
1497815
1497814
1497813
1497816
1497817
1497818
1497416
1497417
1497419
1497425
1497429
1810921
1497418
1497425
1985220
1497421
1497426
1497422
1497423
1497424
1497420
1497420
1497612
1497613
1497618
1497620
1497625
1497866
2071699
1497614
1497615
1497626
1498198
1498199
1497867
2071700
1497616
1497617
1498200
1498201
1498202
1497868
2071701
1497621
1497622
1497623
1497624
1497862
1497863
2071702
1498195
1498201
1498197
1497864
2071706
1498189
1498195
1498201
1498191
1498195
1497865
2071708
1498189
1498192
1498193
1498194
1497860
1497860
2071707
1498150
1498128
1498157
1498142
1498171
1498152
1498132
1498151
1498178
1498153
1497520
1498141
1498144
1498154
1498160
1498164
1498147
1498149
1498177
1498175
1498176
1498129
1498162
1498167
1498161
1498166
1498174
1498145
1498159
1498163
1498165
1498155
1498140
1498172
1498173
1498145
1498159
1497375
1497389
1497376
1497377
1497378
1497379
1497380
1497381
1497382
1497383
1497391
1496582
1496583
1496585
1496586
1496587
1496588
1496589
1496591
1496592
1496603
1496593
1496594
1496509
1496510
1497511
1497512
1497513
1497514
1497515
1497516
1497517
1497518
1497519
1692838
1692839
1692840
1692842
1692843
1692844
1692845
1692851
1693920
1693923
1692848
1692849
1692850
1692856
1693922
1693924
1692846
1693921
1692847
1692853
1692854
1718063
1693926
1693927
1692852
1537583
1537573
1537582
1537574
1537575
1537578
1496843
1496847
1496844
1496846
1496845
1496848
1496849
1496851
1496491
1496500
1496501
1496502
1496497
1496498
1496499
1496495
1496496
1496506
1496503
1496492
1496504
1496505
1496493
1496494
1496507
58066
1496875
58066
1496876
58066
1496877
58066
1496882
58066
1496879
58066
1496880
58066
1496881
58066
1496878
1496787
1496787
1496791
1496791
1496793
1496793
1496795
1496795
1496797
1496797
1496803
1496803
1496805
1496805
1496807
1496809
1496810
1496811
1496812
1496814
1496815
1496816
1496716
1496717
1496718
1496719
1496736
1496737
1496720
1496721
1496722
1496734
1496735
1496723
1496724
1496705
1496706
1496707
1496698
1496696
1497058
1496697
1497511
1497512
1497513
1497514
1497515
1497516
1497517
1497518
1497519
1537538
1537553
1537554
1537551
1537542
1537560
1537561
1537562
1537560
1496491
1496495
1496507
1496492
1496493
1496494
1496497
1496498
1496499
1496503
1496496
1496504
1496505
1496500
1496502
1496506
1496501
1496508
1496509
1496510
2060858
2060859
2060860
2060861
2060862
2060863
2060864
2060865
2060866
2060867
2060868
2060869
2060870
2071473
2060871
2060872
2060874
2060873
2060875
2060877
2060876
2060877
2060874
2071711
2071473
2071712
2071474
2071713
2071475
2071714
2071715
2071716
2157386
2157387
2157389
2157390
2157391
2157392
2157397
2157398
2157400
2157399
2157401
2157394
2157403
2157402
2157393
2157404
2157386
2157388
2157395
2157396
1811649
1811628
1811648
1811651
1811652
1811654
1811653
1811655
1811658
1811657
1811659
1811659
1811634
1811635
1811650
1778984
2060878
1778985
1778986
1778987
1778988
1778989
1778990
1778991
1778992
1778993
1778994
1778995
1778996
1778997
1778998
1778999
1779000
1779001
2055905
2055908
2055909
2055911
2055913
2055910
2055915
2055910
2055919
2055920
2196567
2196569
2196591
2196592
2196593
2196594
2196595
2196596
2196597
2196598
2196599
2196600
2196601
2196600
2196602
2196608
2196603
2196598
2196604
2196605
2196606
2196610
2196607
2196610
2196605
2196609
2196609
1498860
1498860
1498861
1498856
1498852
1498853
1498854
1498855
1498862
1498857
1498852
1498853
1498854
1498855
1498862
1498860
1498861
1498861
1781578
1781579
1781580
1781581
1781582
1781583
1726481
1726480
1726479
1726478
2180007
2180008
2180009
2180010
2180011
2180012
2180013
2180014
2180015
2180016
2180017
2180018
2100890
2100891
2180006
2180006
2100892
2100893
2100894
2100895
2180004
2180005
2186510
1726757
2100897
2180020
2180021
1726770
1726769
2180019
2186213
2180705
2186214
2180706
1726760
1784492
1726761
1784493
1726762
2180705
2180706
1726763
1489260
1489297
